*it=0 cost=1.3419747352600098
(0.41710000000000003, 0.89649999999999996, 0.98960000000000004)
(0.41670000000000001, 0.89259999999999995, 0.99019999999999997)
*it=1000 cost=1.2189017534255981
(0.4471, 0.91569999999999996, 0.99419999999999997)
(0.44040000000000001, 0.91500000000000004, 0.99339999999999995)
*it=2000 cost=1.1134676933288574
(0.47499999999999998, 0.93740000000000001, 0.99590000000000001)
(0.4657, 0.93269999999999997, 0.99629999999999996)
*it=3000 cost=1.0623648166656494
(0.4929, 0.94179999999999997, 0.99570000000000003)
(0.48959999999999998, 0.93940000000000001, 0.99670000000000003)
*it=4000 cost=0.997917890548706
(0.51090000000000002, 0.94950000000000001, 0.99790000000000001)
(0.50509999999999999, 0.95020000000000004, 0.99709999999999999)
*it=5000 cost=0.9704319834709167
(0.51419999999999999, 0.95409999999999995, 0.99770000000000003)
(0.50790000000000002, 0.94979999999999998, 0.99690000000000001)
*it=6000 cost=0.9248813390731812
(0.53369999999999995, 0.96220000000000006, 0.99829999999999997)
(0.51800000000000002, 0.95479999999999998, 0.99780000000000002)
*it=7000 cost=0.9628051519393921
(0.50549999999999995, 0.95479999999999998, 0.99850000000000005)
(0.50180000000000002, 0.95050000000000001, 0.99850000000000005)
*it=8000 cost=0.8808456659317017
(0.53559999999999997, 0.96599999999999997, 0.99839999999999995)
(0.53080000000000005, 0.96360000000000001, 0.99790000000000001)
*it=9000 cost=0.9062758088111877
(0.5222, 0.95779999999999998, 0.99870000000000003)
(0.51090000000000002, 0.95920000000000005, 0.99839999999999995)
*it=10000 cost=0.8453097343444824
(0.5484, 0.96609999999999996, 0.99909999999999999)
(0.52739999999999998, 0.96319999999999995, 0.99760000000000004)
*it=11000 cost=0.8437227606773376
(0.53879999999999995, 0.96579999999999999, 0.999)
(0.53910000000000002, 0.96479999999999999, 0.99890000000000001)
*it=12000 cost=0.8379256725311279
(0.53859999999999997, 0.9647, 0.99870000000000003)
(0.51939999999999997, 0.96060000000000001, 0.99760000000000004)
*it=13000 cost=0.790693998336792
(0.55649999999999999, 0.97599999999999998, 0.999)
(0.54849999999999999, 0.96940000000000004, 0.99870000000000003)
*it=14000 cost=0.8305078148841858
(0.5383, 0.96509999999999996, 0.99819999999999998)
(0.52110000000000001, 0.95820000000000005, 0.99760000000000004)
*it=15000 cost=0.8997423052787781
(0.49340000000000001, 0.95320000000000005, 0.99819999999999998)
(0.46879999999999999, 0.94920000000000004, 0.99829999999999997)
*it=16000 cost=0.7634677886962891
(0.55579999999999996, 0.9738, 0.99870000000000003)
(0.55389999999999995, 0.96919999999999995, 0.99839999999999995)
*it=17000 cost=0.7339456081390381
(0.57240000000000002, 0.97670000000000001, 0.99880000000000002)
(0.55369999999999997, 0.97099999999999997, 0.99850000000000005)
*it=18000 cost=0.7491042613983154
(0.55220000000000002, 0.97409999999999997, 0.99860000000000004)
(0.54649999999999999, 0.96940000000000004, 0.99829999999999997)
*it=19000 cost=0.7269507646560669
(0.56510000000000005, 0.97399999999999998, 0.99839999999999995)
(0.54669999999999996, 0.97130000000000005, 0.99890000000000001)
*it=20000 cost=0.7187905311584473
(0.57289999999999996, 0.9738, 0.999)
(0.55130000000000001, 0.97019999999999995, 0.99860000000000004)
*it=21000 cost=0.7063192129135132
(0.56520000000000004, 0.9738, 0.99970000000000003)
(0.55300000000000005, 0.97140000000000004, 0.99870000000000003)
*it=22000 cost=0.6852847337722778
(0.57469999999999999, 0.97899999999999998, 0.99939999999999996)
(0.56599999999999995, 0.97540000000000004, 0.99929999999999997)
*it=23000 cost=0.7033057808876038
(0.56769999999999998, 0.97570000000000001, 0.99919999999999998)
(0.54559999999999997, 0.96689999999999998, 0.998)
*it=24000 cost=0.6705085039138794
(0.5847, 0.97789999999999999, 0.99919999999999998)
(0.56620000000000004, 0.97399999999999998, 0.99909999999999999)
*it=25000 cost=0.6840382814407349
(0.56489999999999996, 0.97560000000000002, 0.999)
(0.54459999999999997, 0.97219999999999995, 0.99909999999999999)
*it=26000 cost=0.6345661282539368
(0.59240000000000004, 0.98270000000000002, 0.99929999999999997)
(0.57379999999999998, 0.97289999999999999, 0.99890000000000001)
*it=27000 cost=0.6466596722602844
(0.58120000000000005, 0.97860000000000003, 0.99939999999999996)
(0.57340000000000002, 0.97650000000000003, 0.99860000000000004)
*it=28000 cost=0.65020751953125
(0.58040000000000003, 0.97899999999999998, 0.99909999999999999)
(0.55840000000000001, 0.97130000000000005, 0.99829999999999997)
*it=29000 cost=0.7047891616821289
(0.54379999999999995, 0.96960000000000002, 0.99919999999999998)
(0.5343, 0.96689999999999998, 0.999)
*it=30000 cost=0.6203718185424805
(0.59209999999999996, 0.97709999999999997, 0.999)
(0.56920000000000004, 0.97309999999999997, 0.99850000000000005)
*it=31000 cost=0.6221563816070557
(0.58650000000000002, 0.97889999999999999, 0.99950000000000006)
(0.57289999999999996, 0.97660000000000002, 0.99890000000000001)
*it=32000 cost=0.7990204095840454
(0.48120000000000002, 0.9506, 0.99870000000000003)
(0.47639999999999999, 0.94889999999999997, 0.99790000000000001)
*it=33000 cost=0.6004279851913452
(0.59430000000000005, 0.98160000000000003, 0.99939999999999996)
(0.57399999999999995, 0.97299999999999998, 0.99870000000000003)
*it=34000 cost=0.6274707317352295
(0.57089999999999996, 0.97760000000000002, 0.99909999999999999)
(0.55779999999999996, 0.97319999999999995, 0.999)
*it=35000 cost=0.6142998933792114
(0.58179999999999998, 0.97609999999999997, 0.99909999999999999)
(0.57179999999999997, 0.9748, 0.99839999999999995)
*it=36000 cost=0.61944180727005
(0.57289999999999996, 0.9758, 0.99890000000000001)
(0.55620000000000003, 0.97260000000000002, 0.99870000000000003)
*it=37000 cost=0.5983321666717529
(0.57430000000000003, 0.97919999999999996, 0.99909999999999999)
(0.56989999999999996, 0.97560000000000002, 0.999)
*it=38000 cost=0.5661333203315735
(0.60660000000000003, 0.98199999999999998, 0.99939999999999996)
(0.5837, 0.97799999999999998, 0.99839999999999995)
*it=39000 cost=0.5551064014434814
(0.61009999999999998, 0.98319999999999996, 0.99919999999999998)
(0.57450000000000001, 0.97560000000000002, 0.99890000000000001)
*it=40000 cost=0.6582549214363098
(0.53100000000000003, 0.96960000000000002, 0.99939999999999996)
(0.52549999999999997, 0.96740000000000004, 0.99870000000000003)
*it=41000 cost=0.5594494938850403
(0.59989999999999999, 0.98089999999999999, 0.99880000000000002)
(0.59630000000000005, 0.97819999999999996, 0.99890000000000001)
*it=42000 cost=0.5558332204818726
(0.59819999999999995, 0.98260000000000003, 0.99919999999999998)
(0.5827, 0.97919999999999996, 0.999)
*it=43000 cost=0.5477426648139954
(0.59489999999999998, 0.98360000000000003, 0.99960000000000004)
(0.5837, 0.97919999999999996, 0.99919999999999998)
*it=44000 cost=0.626419723033905
(0.55189999999999995, 0.97119999999999995, 0.99929999999999997)
(0.54300000000000004, 0.96950000000000003, 0.99809999999999999)
*it=45000 cost=0.5457877516746521
(0.59989999999999999, 0.98150000000000004, 0.99919999999999998)
(0.58399999999999996, 0.97940000000000005, 0.999)
*it=46000 cost=0.5587421655654907
(0.58560000000000001, 0.97999999999999998, 0.99950000000000006)
(0.58209999999999995, 0.97729999999999995, 0.99870000000000003)
*it=47000 cost=0.5370076894760132
(0.60450000000000004, 0.9819, 0.99939999999999996)
(0.59209999999999996, 0.97899999999999998, 0.99890000000000001)
*it=48000 cost=0.5487759113311768
(0.58089999999999997, 0.98280000000000001, 0.99939999999999996)
(0.57079999999999997, 0.9798, 0.99990000000000001)
*it=49000 cost=0.5303384065628052
(0.6008, 0.98229999999999995, 0.99980000000000002)
(0.5746, 0.97809999999999997, 0.99960000000000004)
*it=50000 cost=0.5208995938301086
(0.60099999999999998, 0.98319999999999996, 0.99950000000000006)
(0.59109999999999996, 0.97960000000000003, 0.99909999999999999)
*it=51000 cost=0.5379345417022705
(0.58979999999999999, 0.98250000000000004, 0.999)
(0.56989999999999996, 0.97440000000000004, 0.99780000000000002)
*it=52000 cost=0.5138999819755554
(0.60350000000000004, 0.98370000000000002, 0.99950000000000006)
(0.58589999999999998, 0.97870000000000001, 0.99860000000000004)
*it=53000 cost=0.5299826264381409
(0.59309999999999996, 0.97999999999999998, 0.99960000000000004)
(0.5786, 0.97829999999999995, 0.99870000000000003)
*it=54000 cost=0.5021317005157471
(0.60829999999999995, 0.98450000000000004, 0.99960000000000004)
(0.58760000000000001, 0.97870000000000001, 0.999)
*it=55000 cost=0.49732959270477295
(0.61060000000000003, 0.98470000000000002, 0.99929999999999997)
(0.57909999999999995, 0.97929999999999995, 0.99909999999999999)
*it=56000 cost=0.5118621587753296
(0.59860000000000002, 0.98240000000000005, 0.99960000000000004)
(0.57079999999999997, 0.97529999999999994, 0.99909999999999999)
*it=57000 cost=0.49818146228790283
(0.61850000000000005, 0.98409999999999997, 0.99950000000000006)
(0.58909999999999996, 0.97770000000000001, 0.99939999999999996)
*it=58000 cost=0.4858591556549072
(0.61660000000000004, 0.98499999999999999, 0.99939999999999996)
(0.59609999999999996, 0.97989999999999999, 0.99939999999999996)
*it=59000 cost=0.5160890817642212
(0.59430000000000005, 0.9819, 0.99939999999999996)
(0.57320000000000004, 0.97729999999999995, 0.99860000000000004)
*it=60000 cost=0.5211234092712402
(0.58940000000000003, 0.98040000000000005, 0.99970000000000003)
(0.5806, 0.97550000000000003, 0.99860000000000004)
*it=61000 cost=0.4857730269432068
(0.60919999999999996, 0.98529999999999995, 0.99929999999999997)
(0.58809999999999996, 0.97809999999999997, 0.99880000000000002)
*it=62000 cost=0.49723413586616516
(0.60029999999999994, 0.98299999999999998, 0.99970000000000003)
(0.58020000000000005, 0.97909999999999997, 0.999)
*it=63000 cost=0.483251690864563
(0.61009999999999998, 0.98529999999999995, 0.99919999999999998)
(0.58879999999999999, 0.98009999999999997, 0.99870000000000003)
*it=64000 cost=0.5310211181640625
(0.57679999999999998, 0.98050000000000004, 0.99960000000000004)
(0.53480000000000005, 0.96919999999999995, 0.99880000000000002)
*it=65000 cost=0.46116068959236145
(0.62329999999999997, 0.98609999999999998, 0.99939999999999996)
(0.59150000000000003, 0.98380000000000001, 0.99950000000000006)
*it=66000 cost=0.472562313079834
(0.62080000000000002, 0.98429999999999995, 0.99970000000000003)
(0.58850000000000002, 0.98180000000000001, 0.99960000000000004)
*it=67000 cost=0.464830219745636
(0.61829999999999996, 0.98419999999999996, 0.99980000000000002)
(0.59499999999999997, 0.97870000000000001, 0.99919999999999998)
*it=68000 cost=0.46172454953193665
(0.61539999999999995, 0.98729999999999996, 0.99960000000000004)
(0.59140000000000004, 0.98309999999999997, 0.99939999999999996)
*it=69000 cost=0.46571868658065796
(0.61990000000000001, 0.98480000000000001, 0.99909999999999999)
(0.58819999999999995, 0.98060000000000003, 0.99829999999999997)
*it=70000 cost=0.46053847670555115
(0.61929999999999996, 0.98609999999999998, 0.99950000000000006)
(0.58750000000000002, 0.98099999999999998, 0.99929999999999997)
*it=71000 cost=0.4509413242340088
(0.62529999999999997, 0.98570000000000002, 0.99980000000000002)
(0.59230000000000005, 0.97799999999999998, 0.99880000000000002)
*it=72000 cost=0.47020307183265686
(0.60370000000000001, 0.98640000000000005, 0.99960000000000004)
(0.58509999999999995, 0.98250000000000004, 0.99960000000000004)
*it=73000 cost=0.4654510021209717
(0.61319999999999997, 0.9859, 0.99980000000000002)
(0.5927, 0.98099999999999998, 0.99980000000000002)
*it=74000 cost=0.4480662941932678
(0.62409999999999999, 0.98709999999999998, 0.99960000000000004)
(0.59670000000000001, 0.98089999999999999, 0.999)
*it=75000 cost=0.4462629556655884
(0.62480000000000002, 0.98829999999999996, 0.99980000000000002)
(0.59470000000000001, 0.98109999999999997, 0.99919999999999998)
*it=76000 cost=0.47313693165779114
(0.61380000000000001, 0.98250000000000004, 0.99929999999999997)
(0.58540000000000003, 0.98050000000000004, 0.99909999999999999)
*it=77000 cost=0.4454782009124756
(0.62749999999999995, 0.98740000000000006, 0.99990000000000001)
(0.59919999999999995, 0.98080000000000001, 0.99909999999999999)
*it=78000 cost=0.47812169790267944
(0.59830000000000005, 0.98309999999999997, 0.99950000000000006)
(0.58030000000000004, 0.97740000000000005, 0.99890000000000001)
*it=79000 cost=0.4425632655620575
(0.62490000000000001, 0.9879, 0.99990000000000001)
(0.58779999999999999, 0.98099999999999998, 0.99870000000000003)
*it=80000 cost=0.4504637122154236
(0.61619999999999997, 0.98760000000000003, 0.99980000000000002)
(0.58809999999999996, 0.98129999999999995, 0.99909999999999999)
*it=81000 cost=0.4775865972042084
(0.59160000000000001, 0.98529999999999995, 0.99950000000000006)
(0.56850000000000001, 0.97799999999999998, 0.99909999999999999)
*it=82000 cost=0.4763023555278778
(0.5948, 0.98580000000000001, 0.99970000000000003)
(0.57369999999999999, 0.97670000000000001, 0.99929999999999997)
*it=83000 cost=0.44904065132141113
(0.62709999999999999, 0.98450000000000004, 0.99929999999999997)
(0.5887, 0.97999999999999998, 0.99929999999999997)
*it=84000 cost=0.4685831367969513
(0.59770000000000001, 0.98529999999999995, 0.99980000000000002)
(0.57930000000000004, 0.97989999999999999, 0.99860000000000004)
*it=85000 cost=0.45464032888412476
(0.61270000000000002, 0.98550000000000004, 0.99970000000000003)
(0.59770000000000001, 0.98180000000000001, 0.999)
*it=86000 cost=0.4603201150894165
(0.60429999999999995, 0.98499999999999999, 0.99960000000000004)
(0.58740000000000003, 0.97760000000000002, 0.99890000000000001)
*it=87000 cost=0.4473351240158081
(0.61470000000000002, 0.98729999999999996, 0.99970000000000003)
(0.57930000000000004, 0.98140000000000005, 0.99929999999999997)
*it=88000 cost=0.43891850113868713
(0.62470000000000003, 0.98640000000000005, 0.99950000000000006)
(0.59899999999999998, 0.98270000000000002, 0.99960000000000004)
*it=89000 cost=0.4288824796676636
(0.62809999999999999, 0.98899999999999999, 0.99970000000000003)
(0.5877, 0.98219999999999996, 0.99880000000000002)
*it=90000 cost=0.43960344791412354
(0.62629999999999997, 0.98750000000000004, 0.99939999999999996)
(0.58979999999999999, 0.98280000000000001, 0.99909999999999999)
*it=91000 cost=0.5497899651527405
(0.54530000000000001, 0.97689999999999999, 0.99909999999999999)
(0.53149999999999997, 0.96609999999999996, 0.999)
*it=92000 cost=0.45037513971328735
(0.61270000000000002, 0.98550000000000004, 0.99980000000000002)
(0.5867, 0.98050000000000004, 0.99890000000000001)
*it=93000 cost=0.43419674038887024
(0.62570000000000003, 0.98770000000000002, 0.99929999999999997)
(0.60150000000000003, 0.98240000000000005, 0.99919999999999998)
*it=94000 cost=0.44409769773483276
(0.61660000000000004, 0.98729999999999996, 1.0)
(0.59040000000000004, 0.98319999999999996, 0.99970000000000003)
*it=95000 cost=0.42772698402404785
(0.62949999999999995, 0.98740000000000006, 0.99970000000000003)
(0.59589999999999999, 0.98140000000000005, 0.99880000000000002)
*it=96000 cost=0.4365009665489197
(0.62519999999999998, 0.98599999999999999, 0.99909999999999999)
(0.59509999999999996, 0.97909999999999997, 0.99919999999999998)
*it=97000 cost=0.4351697564125061
(0.62160000000000004, 0.98580000000000001, 0.99970000000000003)
(0.59150000000000003, 0.98180000000000001, 0.99870000000000003)
*it=98000 cost=0.4464304447174072
(0.6119, 0.98580000000000001, 0.99980000000000002)
(0.59209999999999996, 0.98099999999999998, 0.99880000000000002)
*it=99000 cost=0.46990182995796204
(0.59830000000000005, 0.98160000000000003, 0.99980000000000002)
(0.57609999999999995, 0.98170000000000002, 0.99919999999999998)
*it=100000 cost=0.42380625009536743
(0.62919999999999998, 0.9879, 0.99970000000000003)
(0.58779999999999999, 0.98370000000000002, 0.99939999999999996)
*it=101000 cost=0.4521862864494324
(0.60740000000000005, 0.98440000000000005, 1.0)
(0.57299999999999995, 0.97940000000000005, 0.99909999999999999)
*it=102000 cost=0.44735467433929443
(0.61099999999999999, 0.98619999999999997, 0.99960000000000004)
(0.58460000000000001, 0.97970000000000002, 0.999)
*it=103000 cost=0.4201961159706116
(0.63639999999999997, 0.98909999999999998, 0.99970000000000003)
(0.60160000000000002, 0.98250000000000004, 0.999)
*it=104000 cost=0.4354090392589569
(0.62150000000000005, 0.98709999999999998, 0.99960000000000004)
(0.59250000000000003, 0.98060000000000003, 0.99909999999999999)
*it=105000 cost=0.42814168334007263
(0.62239999999999995, 0.98809999999999998, 0.99970000000000003)
(0.59289999999999998, 0.98019999999999996, 0.99870000000000003)
*it=106000 cost=0.4355362355709076
(0.62739999999999996, 0.9849, 0.99980000000000002)
(0.57699999999999996, 0.97809999999999997, 0.99919999999999998)
*it=107000 cost=0.4540676176548004
(0.6018, 0.98470000000000002, 0.99960000000000004)
(0.55279999999999996, 0.97729999999999995, 0.99950000000000006)
*it=108000 cost=0.44473493099212646
(0.6109, 0.98540000000000005, 0.99929999999999997)
(0.59760000000000002, 0.98229999999999995, 0.99960000000000004)
*it=109000 cost=0.4233722388744354
(0.62909999999999999, 0.98870000000000002, 0.99950000000000006)
(0.59650000000000003, 0.98119999999999996, 0.99870000000000003)
*it=110000 cost=0.41961565613746643
(0.63149999999999995, 0.98770000000000002, 0.99950000000000006)
(0.60460000000000003, 0.98089999999999999, 0.999)
*it=111000 cost=0.42179542779922485
(0.62190000000000001, 0.98909999999999998, 0.99980000000000002)
(0.58999999999999997, 0.98089999999999999, 0.99950000000000006)
*it=112000 cost=0.4136439859867096
(0.63529999999999998, 0.99019999999999997, 0.99950000000000006)
(0.60150000000000003, 0.98280000000000001, 0.99990000000000001)
*it=113000 cost=0.434837281703949
(0.62909999999999999, 0.98529999999999995, 0.99950000000000006)
(0.59399999999999997, 0.98250000000000004, 0.99939999999999996)
*it=114000 cost=0.43674835562705994
(0.61839999999999995, 0.98729999999999996, 0.99990000000000001)
(0.58420000000000005, 0.98140000000000005, 0.99939999999999996)
*it=115000 cost=0.4319811761379242
(0.61799999999999999, 0.98850000000000005, 0.99980000000000002)
(0.57479999999999998, 0.9758, 0.99880000000000002)
*it=116000 cost=0.46933457255363464
(0.59909999999999997, 0.9819, 0.99919999999999998)
(0.57230000000000003, 0.97660000000000002, 0.99890000000000001)
*it=117000 cost=0.4238440990447998
(0.62549999999999994, 0.98699999999999999, 0.99950000000000006)
(0.59850000000000003, 0.98329999999999995, 0.99909999999999999)
*it=118000 cost=0.4112846255302429
(0.63329999999999997, 0.98960000000000004, 0.99980000000000002)
(0.60319999999999996, 0.98580000000000001, 0.99970000000000003)
*it=119000 cost=0.40940749645233154
(0.63190000000000002, 0.98939999999999995, 0.99970000000000003)
(0.60070000000000001, 0.98160000000000003, 0.99980000000000002)
*it=120000 cost=0.4171304404735565
(0.63300000000000001, 0.98860000000000003, 0.99960000000000004)
(0.59760000000000002, 0.98070000000000002, 0.99929999999999997)
*it=121000 cost=0.4143194854259491
(0.62609999999999999, 0.99009999999999998, 0.99990000000000001)
(0.59970000000000001, 0.98419999999999996, 0.99909999999999999)
*it=122000 cost=0.4143039882183075
(0.63090000000000002, 0.98880000000000001, 0.99980000000000002)
(0.59499999999999997, 0.98350000000000004, 0.99929999999999997)
*it=123000 cost=0.43947476148605347
(0.61409999999999998, 0.98640000000000005, 0.99980000000000002)
(0.57830000000000004, 0.97989999999999999, 0.99939999999999996)
*it=124000 cost=0.4209992289543152
(0.63319999999999999, 0.9869, 0.99950000000000006)
(0.59670000000000001, 0.98350000000000004, 0.99939999999999996)
*it=125000 cost=0.41284239292144775
(0.62939999999999996, 0.98960000000000004, 0.99970000000000003)
(0.60550000000000004, 0.98280000000000001, 0.99939999999999996)
*it=126000 cost=0.4158250093460083
(0.63770000000000004, 0.98829999999999996, 0.99960000000000004)
(0.58589999999999998, 0.97909999999999997, 0.99839999999999995)
*it=127000 cost=0.40677231550216675
(0.63029999999999997, 0.99229999999999996, 0.99980000000000002)
(0.59209999999999996, 0.98150000000000004, 0.99970000000000003)
*it=128000 cost=0.4298313856124878
(0.62080000000000002, 0.98719999999999997, 0.99990000000000001)
(0.58830000000000005, 0.98029999999999995, 0.99890000000000001)
*it=129000 cost=0.4149019122123718
(0.63660000000000005, 0.98719999999999997, 0.99980000000000002)
(0.59719999999999995, 0.98080000000000001, 0.99950000000000006)
*it=130000 cost=0.42720678448677063
(0.62860000000000005, 0.98870000000000002, 0.99960000000000004)
(0.5988, 0.98199999999999998, 0.99960000000000004)
*it=131000 cost=0.39747071266174316
(0.64559999999999995, 0.99070000000000003, 0.99970000000000003)
(0.60560000000000003, 0.98229999999999995, 0.99880000000000002)
*it=132000 cost=0.40540701150894165
(0.64370000000000005, 0.99060000000000004, 0.99990000000000001)
(0.60470000000000002, 0.98280000000000001, 0.99919999999999998)
*it=133000 cost=0.43267205357551575
(0.61699999999999999, 0.98750000000000004, 0.99929999999999997)
(0.5837, 0.97840000000000005, 0.99929999999999997)
*it=134000 cost=0.43336713314056396
(0.62490000000000001, 0.98660000000000003, 0.99960000000000004)
(0.59240000000000004, 0.97919999999999996, 0.99909999999999999)
*it=135000 cost=0.4267032742500305
(0.62409999999999999, 0.98860000000000003, 0.99960000000000004)
(0.58909999999999996, 0.97999999999999998, 0.999)
*it=136000 cost=0.3991936445236206
(0.63780000000000003, 0.99099999999999999, 0.99990000000000001)
(0.60160000000000002, 0.9798, 0.99890000000000001)
*it=137000 cost=0.4448235332965851
(0.61040000000000005, 0.98529999999999995, 0.99960000000000004)
(0.57840000000000003, 0.97750000000000004, 0.99890000000000001)
*it=138000 cost=0.4168904721736908
(0.63570000000000004, 0.98750000000000004, 0.99960000000000004)
(0.57979999999999998, 0.97950000000000004, 0.99890000000000001)
*it=139000 cost=0.4046002924442291
(0.63539999999999996, 0.99119999999999997, 0.99990000000000001)
(0.59750000000000003, 0.98180000000000001, 0.99950000000000006)
*it=140000 cost=0.4113413095474243
(0.63619999999999999, 0.98950000000000005, 0.99939999999999996)
(0.59050000000000002, 0.98309999999999997, 0.99929999999999997)
*it=141000 cost=0.41798388957977295
(0.63100000000000001, 0.98799999999999999, 0.99980000000000002)
(0.58930000000000005, 0.98029999999999995, 0.99919999999999998)
*it=142000 cost=0.42466676235198975
(0.63329999999999997, 0.98580000000000001, 0.99950000000000006)
(0.59279999999999999, 0.98099999999999998, 0.999)
*it=143000 cost=0.40796858072280884
(0.63319999999999999, 0.99009999999999998, 0.99980000000000002)
(0.59379999999999999, 0.98409999999999997, 0.99929999999999997)
*it=144000 cost=0.4018157720565796
(0.64349999999999996, 0.99019999999999997, 0.99990000000000001)
(0.59770000000000001, 0.98240000000000005, 0.99950000000000006)
*it=145000 cost=0.40080755949020386
(0.63980000000000004, 0.98929999999999996, 1.0)
(0.60350000000000004, 0.98199999999999998, 0.99909999999999999)
*it=146000 cost=0.41677460074424744
(0.63139999999999996, 0.9899, 0.99990000000000001)
(0.59740000000000004, 0.9819, 0.999)
*it=147000 cost=0.41210493445396423
(0.63959999999999995, 0.98899999999999999, 0.99939999999999996)
(0.59940000000000004, 0.98160000000000003, 0.999)
*it=148000 cost=0.3824561834335327
(0.66020000000000001, 0.99129999999999996, 0.99950000000000006)
(0.61050000000000004, 0.98470000000000002, 0.99960000000000004)
*it=149000 cost=0.42150020599365234
(0.629, 0.98819999999999997, 0.99939999999999996)
(0.59819999999999995, 0.97940000000000005, 0.999)
*it=150000 cost=0.4154864251613617
(0.63180000000000003, 0.99039999999999995, 0.99950000000000006)
(0.59009999999999996, 0.98360000000000003, 0.99929999999999997)
*it=151000 cost=0.4011680483818054
(0.64419999999999999, 0.99050000000000005, 0.99990000000000001)
(0.60389999999999999, 0.98180000000000001, 0.99929999999999997)
*it=152000 cost=0.429994136095047
(0.61570000000000003, 0.98829999999999996, 0.99980000000000002)
(0.58199999999999996, 0.98009999999999997, 0.99929999999999997)
*it=153000 cost=0.3988502323627472
(0.6351, 0.99099999999999999, 0.99990000000000001)
(0.59809999999999997, 0.98309999999999997, 0.99939999999999996)
*it=154000 cost=0.4165349006652832
(0.62539999999999996, 0.99009999999999998, 0.99960000000000004)
(0.58150000000000002, 0.98319999999999996, 0.99950000000000006)
*it=155000 cost=0.40397608280181885
(0.64329999999999998, 0.98999999999999999, 0.99980000000000002)
(0.60229999999999995, 0.98080000000000001, 0.99890000000000001)
*it=156000 cost=0.38686832785606384
(0.65180000000000005, 0.99099999999999999, 1.0)
(0.60909999999999997, 0.9859, 0.99960000000000004)
*it=157000 cost=0.3974987268447876
(0.65110000000000001, 0.99029999999999996, 0.99980000000000002)
(0.60970000000000002, 0.98229999999999995, 0.99919999999999998)
*it=158000 cost=0.401567667722702
(0.63949999999999996, 0.99080000000000001, 0.99980000000000002)
(0.59660000000000002, 0.98209999999999997, 0.99939999999999996)
*it=159000 cost=0.41305798292160034
(0.63470000000000004, 0.98819999999999997, 0.99970000000000003)
(0.59899999999999998, 0.98109999999999997, 0.99890000000000001)
*it=160000 cost=0.4143122434616089
(0.6391, 0.98780000000000001, 0.99929999999999997)
(0.60580000000000001, 0.9829, 0.99890000000000001)
*it=161000 cost=0.4076535105705261
(0.6361, 0.99019999999999997, 0.99960000000000004)
(0.59160000000000001, 0.98429999999999995, 0.99960000000000004)
*it=162000 cost=0.3855113983154297
(0.66149999999999998, 0.99139999999999995, 0.99980000000000002)
(0.60970000000000002, 0.98170000000000002, 0.99970000000000003)
*it=163000 cost=0.4288366138935089
(0.62150000000000005, 0.98860000000000003, 0.99980000000000002)
(0.57830000000000004, 0.98050000000000004, 0.99909999999999999)
*it=164000 cost=0.3972526490688324
(0.6502, 0.99050000000000005, 0.99970000000000003)
(0.60399999999999998, 0.98260000000000003, 0.99880000000000002)
*it=165000 cost=0.4062594175338745
(0.63890000000000002, 0.98980000000000001, 0.99960000000000004)
(0.60650000000000004, 0.98050000000000004, 0.99870000000000003)
*it=166000 cost=0.39996588230133057
(0.64610000000000001, 0.98929999999999996, 0.99970000000000003)
(0.60609999999999997, 0.98399999999999999, 0.99919999999999998)
*it=167000 cost=0.39419692754745483
(0.65149999999999997, 0.99129999999999996, 0.99980000000000002)
(0.60109999999999997, 0.98340000000000005, 0.99929999999999997)
*it=168000 cost=0.43275460600852966
(0.61360000000000003, 0.98919999999999997, 1.0)
(0.59240000000000004, 0.97899999999999998, 0.999)
*it=169000 cost=0.398062527179718
(0.65159999999999996, 0.98999999999999999, 0.99950000000000006)
(0.59050000000000002, 0.98150000000000004, 0.99909999999999999)
*it=170000 cost=0.4011610150337219
(0.64459999999999995, 0.99019999999999997, 0.99950000000000006)
(0.59489999999999998, 0.98250000000000004, 0.99890000000000001)
*it=171000 cost=0.40691035985946655
(0.63429999999999997, 0.99029999999999996, 0.99970000000000003)
(0.5968, 0.98029999999999995, 0.999)
*it=172000 cost=0.40677958726882935
(0.6401, 0.98850000000000005, 0.99990000000000001)
(0.60019999999999996, 0.98119999999999996, 0.99950000000000006)
*it=173000 cost=0.387187123298645
(0.65459999999999996, 0.99239999999999995, 0.99990000000000001)
(0.60440000000000005, 0.98580000000000001, 0.99909999999999999)
*it=174000 cost=0.42048174142837524
(0.62529999999999997, 0.9879, 0.99990000000000001)
(0.5827, 0.98109999999999997, 0.99890000000000001)
*it=175000 cost=0.3879377841949463
(0.65590000000000004, 0.99150000000000005, 0.99950000000000006)
(0.60019999999999996, 0.98260000000000003, 0.99890000000000001)
*it=176000 cost=0.4046594798564911
(0.64839999999999998, 0.98909999999999998, 0.99960000000000004)
(0.60450000000000004, 0.98089999999999999, 0.99939999999999996)
*it=177000 cost=0.3971073031425476
(0.64159999999999995, 0.99139999999999995, 0.99970000000000003)
(0.60829999999999995, 0.98329999999999995, 0.999)
*it=178000 cost=0.4071213901042938
(0.64459999999999995, 0.98980000000000001, 0.99960000000000004)
(0.58030000000000004, 0.98109999999999997, 0.99929999999999997)
*it=179000 cost=0.40896478295326233
(0.6351, 0.99099999999999999, 0.99970000000000003)
(0.58720000000000006, 0.98099999999999998, 0.99929999999999997)
*it=180000 cost=0.3819233775138855
(0.6512, 0.99309999999999998, 0.99980000000000002)
(0.60499999999999998, 0.98570000000000002, 0.999)
*it=181000 cost=0.40753844380378723
(0.63319999999999999, 0.99109999999999998, 0.99970000000000003)
(0.59289999999999998, 0.98089999999999999, 0.99950000000000006)
*it=182000 cost=0.3862866163253784
(0.65639999999999998, 0.99139999999999995, 0.99990000000000001)
(0.6028, 0.98450000000000004, 0.99950000000000006)
*it=183000 cost=0.40447989106178284
(0.63839999999999997, 0.99070000000000003, 0.99990000000000001)
(0.59899999999999998, 0.98060000000000003, 0.99839999999999995)
*it=184000 cost=0.4585011601448059
(0.60860000000000003, 0.9819, 0.99919999999999998)
(0.57010000000000005, 0.9748, 0.99870000000000003)
*it=185000 cost=0.3862926661968231
(0.65380000000000005, 0.99180000000000001, 0.99990000000000001)
(0.60809999999999997, 0.98450000000000004, 0.99929999999999997)
*it=186000 cost=0.41433411836624146
(0.62319999999999998, 0.99119999999999997, 0.99990000000000001)
(0.59540000000000004, 0.98240000000000005, 0.99960000000000004)
*it=187000 cost=0.38938772678375244
(0.65000000000000002, 0.99199999999999999, 0.99990000000000001)
(0.61270000000000002, 0.98380000000000001, 0.99939999999999996)
*it=188000 cost=0.3912509083747864
(0.64859999999999995, 0.99219999999999997, 0.99980000000000002)
(0.59930000000000005, 0.98540000000000005, 0.99980000000000002)
*it=189000 cost=0.3956608474254608
(0.64910000000000001, 0.99109999999999998, 0.99960000000000004)
(0.60640000000000005, 0.98209999999999997, 0.99909999999999999)
*it=190000 cost=0.395271897315979
(0.64680000000000004, 0.99129999999999996, 0.99990000000000001)
(0.59660000000000002, 0.98329999999999995, 0.99929999999999997)
*it=191000 cost=0.3918421268463135
(0.65380000000000005, 0.9909, 0.99980000000000002)
(0.59999999999999998, 0.98340000000000005, 0.99939999999999996)
*it=192000 cost=0.3915860950946808
(0.64910000000000001, 0.99199999999999999, 0.99990000000000001)
(0.60170000000000001, 0.98460000000000003, 0.99980000000000002)
*it=193000 cost=0.3837280869483948
(0.65359999999999996, 0.99339999999999995, 0.99960000000000004)
(0.61280000000000001, 0.98450000000000004, 0.99960000000000004)
*it=194000 cost=0.3782719373703003
(0.6653, 0.99170000000000003, 0.99980000000000002)
(0.60409999999999997, 0.98260000000000003, 0.99890000000000001)
*it=195000 cost=0.3955076336860657
(0.64459999999999995, 0.99160000000000004, 0.99980000000000002)
(0.5948, 0.98329999999999995, 0.99919999999999998)
*it=196000 cost=0.38483697175979614
(0.64810000000000001, 0.99219999999999997, 0.99990000000000001)
(0.60660000000000003, 0.9859, 0.99919999999999998)
*it=197000 cost=0.3982739746570587
(0.64490000000000003, 0.99060000000000004, 0.99980000000000002)
(0.60740000000000005, 0.97999999999999998, 0.99929999999999997)
*it=198000 cost=0.4123988151550293
(0.6411, 0.99129999999999996, 0.99980000000000002)
(0.59640000000000004, 0.98460000000000003, 0.99880000000000002)
*it=199000 cost=0.3888038098812103
(0.65900000000000003, 0.9899, 0.99980000000000002)
(0.60560000000000003, 0.98529999999999995, 0.99929999999999997)
*it=200000 cost=0.4183729588985443
(0.62819999999999998, 0.98950000000000005, 0.99980000000000002)
(0.5927, 0.98180000000000001, 0.99960000000000004)
*it=201000 cost=0.3804880976676941
(0.66369999999999996, 0.99199999999999999, 0.99970000000000003)
(0.61240000000000006, 0.98440000000000005, 0.99980000000000002)
*it=202000 cost=0.38811755180358887
(0.6573, 0.99099999999999999, 0.99980000000000002)
(0.60540000000000005, 0.98140000000000005, 0.99870000000000003)
*it=203000 cost=0.3900880515575409
(0.65710000000000002, 0.99180000000000001, 0.99970000000000003)
(0.5998, 0.98399999999999999, 0.99939999999999996)
*it=204000 cost=0.391242653131485
(0.65739999999999998, 0.99080000000000001, 0.99950000000000006)
(0.60499999999999998, 0.98309999999999997, 0.99919999999999998)
*it=205000 cost=0.41314223408699036
(0.62619999999999998, 0.99109999999999998, 0.99960000000000004)
(0.58950000000000002, 0.98299999999999998, 0.99929999999999997)
*it=206000 cost=0.3957200050354004
(0.64319999999999999, 0.99280000000000002, 1.0)
(0.59160000000000001, 0.97950000000000004, 0.999)
*it=207000 cost=0.40229731798171997
(0.64549999999999996, 0.99150000000000005, 0.99970000000000003)
(0.58940000000000003, 0.98360000000000003, 0.99919999999999998)
*it=208000 cost=0.3908197283744812
(0.65210000000000001, 0.99199999999999999, 0.99990000000000001)
(0.59989999999999999, 0.98299999999999998, 0.99929999999999997)
*it=209000 cost=0.3886600136756897
(0.65329999999999999, 0.99319999999999997, 1.0)
(0.60289999999999999, 0.98370000000000002, 0.99929999999999997)
*it=210000 cost=0.3999958038330078
(0.64980000000000004, 0.99160000000000004, 0.99970000000000003)
(0.5948, 0.98029999999999995, 0.99939999999999996)
*it=211000 cost=0.4007832109928131
(0.64990000000000003, 0.98939999999999995, 0.99960000000000004)
(0.59930000000000005, 0.98319999999999996, 0.99880000000000002)
*it=212000 cost=0.38093772530555725
(0.6583, 0.99260000000000004, 0.99970000000000003)
(0.61619999999999997, 0.98429999999999995, 0.999)
*it=213000 cost=0.3936866521835327
(0.66039999999999999, 0.98980000000000001, 1.0)
(0.60199999999999998, 0.98440000000000005, 0.99970000000000003)
*it=214000 cost=0.389295369386673
(0.65559999999999996, 0.99270000000000003, 0.99980000000000002)
(0.61070000000000002, 0.98319999999999996, 0.99909999999999999)
*it=215000 cost=0.3880303204059601
(0.65769999999999995, 0.99160000000000004, 0.99990000000000001)
(0.60780000000000001, 0.98570000000000002, 0.99960000000000004)
*it=216000 cost=0.3828551769256592
(0.66069999999999995, 0.99239999999999995, 0.99990000000000001)
(0.6139, 0.9839, 0.99909999999999999)
*it=217000 cost=0.39107149839401245
(0.65180000000000005, 0.99280000000000002, 0.99990000000000001)
(0.60550000000000004, 0.98509999999999998, 0.99939999999999996)
*it=218000 cost=0.38439759612083435
(0.66479999999999995, 0.99150000000000005, 0.99980000000000002)
(0.60389999999999999, 0.98360000000000003, 0.99939999999999996)
*it=219000 cost=0.3956015706062317
(0.64729999999999999, 0.99180000000000001, 0.99990000000000001)
(0.60060000000000002, 0.98199999999999998, 0.99950000000000006)
*it=220000 cost=0.4201989471912384
(0.62780000000000002, 0.98919999999999997, 0.99980000000000002)
(0.59140000000000004, 0.98140000000000005, 0.99929999999999997)
*it=221000 cost=0.3942136764526367
(0.6492, 0.99270000000000003, 0.99990000000000001)
(0.59360000000000002, 0.98170000000000002, 0.99919999999999998)
*it=222000 cost=0.37869006395339966
(0.66249999999999998, 0.99270000000000003, 0.99980000000000002)
(0.60629999999999995, 0.9869, 0.99939999999999996)
*it=223000 cost=0.38798269629478455
(0.65480000000000005, 0.99250000000000005, 0.99980000000000002)
(0.60199999999999998, 0.98260000000000003, 0.99980000000000002)
*it=224000 cost=0.395262748003006
(0.64810000000000001, 0.99280000000000002, 0.99970000000000003)
(0.60680000000000001, 0.98470000000000002, 0.99939999999999996)
*it=225000 cost=0.36527612805366516
(0.67469999999999997, 0.9929, 0.99990000000000001)
(0.61280000000000001, 0.98409999999999997, 0.99909999999999999)
*it=226000 cost=0.3822999596595764
(0.66100000000000003, 0.99239999999999995, 1.0)
(0.59599999999999997, 0.98680000000000001, 0.99939999999999996)
*it=227000 cost=0.41120970249176025
(0.63019999999999998, 0.99139999999999995, 0.99970000000000003)
(0.59919999999999995, 0.98170000000000002, 0.99950000000000006)
*it=228000 cost=0.39021676778793335
(0.66180000000000005, 0.99260000000000004, 0.99970000000000003)
(0.60150000000000003, 0.98240000000000005, 0.99919999999999998)
*it=229000 cost=0.39253318309783936
(0.64949999999999997, 0.99260000000000004, 0.99980000000000002)
(0.59630000000000005, 0.9829, 0.99919999999999998)
*it=230000 cost=0.3780975341796875
(0.66749999999999998, 0.99260000000000004, 0.99980000000000002)
(0.60340000000000005, 0.98480000000000001, 0.99939999999999996)
*it=231000 cost=0.3787107765674591
(0.66449999999999998, 0.99280000000000002, 1.0)
(0.61580000000000001, 0.98409999999999997, 0.999)
*it=232000 cost=0.3817041218280792
(0.66139999999999999, 0.99370000000000003, 0.99980000000000002)
(0.60050000000000003, 0.98470000000000002, 0.99950000000000006)
*it=233000 cost=0.3935440182685852
(0.65049999999999997, 0.99219999999999997, 1.0)
(0.59260000000000002, 0.98240000000000005, 0.99919999999999998)
*it=234000 cost=0.41166529059410095
(0.64000000000000001, 0.99119999999999997, 0.99970000000000003)
(0.58930000000000005, 0.98319999999999996, 0.99950000000000006)
*it=235000 cost=0.3698364496231079
(0.66990000000000005, 0.99390000000000001, 0.99980000000000002)
(0.61160000000000003, 0.98529999999999995, 0.99929999999999997)
*it=236000 cost=0.36314693093299866
(0.6764, 0.99370000000000003, 1.0)
(0.62019999999999997, 0.98550000000000004, 0.99929999999999997)
*it=237000 cost=0.3710383176803589
(0.67279999999999995, 0.99360000000000004, 0.99990000000000001)
(0.6159, 0.98429999999999995, 0.99929999999999997)
*it=238000 cost=0.3773037791252136
(0.66700000000000004, 0.99280000000000002, 0.99990000000000001)
(0.60419999999999996, 0.98540000000000005, 0.99970000000000003)
*it=239000 cost=0.3780292272567749
(0.6734, 0.99109999999999998, 0.99980000000000002)
(0.60960000000000003, 0.98340000000000005, 0.99909999999999999)
*it=240000 cost=0.3923971354961395
(0.65680000000000005, 0.99309999999999998, 0.99990000000000001)
(0.58919999999999995, 0.98329999999999995, 0.99909999999999999)
*it=241000 cost=0.3864022195339203
(0.65900000000000003, 0.99219999999999997, 1.0)
(0.60860000000000003, 0.98280000000000001, 0.99890000000000001)
*it=242000 cost=0.3743799924850464
(0.6714, 0.99260000000000004, 0.99980000000000002)
(0.61170000000000002, 0.98519999999999996, 0.99909999999999999)
*it=243000 cost=0.37556204199790955
(0.67510000000000003, 0.99260000000000004, 0.99990000000000001)
(0.61729999999999996, 0.98470000000000002, 0.99960000000000004)
*it=244000 cost=0.3996478319168091
(0.65010000000000001, 0.9909, 1.0)
(0.59819999999999995, 0.98419999999999996, 0.99960000000000004)
*it=245000 cost=0.3859108090400696
(0.66279999999999994, 0.99309999999999998, 0.99950000000000006)
(0.60099999999999998, 0.98580000000000001, 0.99950000000000006)
*it=246000 cost=0.4191819727420807
(0.62849999999999995, 0.99119999999999997, 0.99980000000000002)
(0.57930000000000004, 0.97609999999999997, 0.999)
*it=247000 cost=0.36471080780029297
(0.67949999999999999, 0.99429999999999996, 0.99980000000000002)
(0.60460000000000003, 0.98429999999999995, 0.99960000000000004)
*it=248000 cost=0.3771783113479614
(0.67379999999999995, 0.99229999999999996, 0.99980000000000002)
(0.6079, 0.98370000000000002, 0.99880000000000002)
*it=249000 cost=0.4155851900577545
(0.63429999999999997, 0.99050000000000005, 0.99960000000000004)
(0.58889999999999998, 0.98309999999999997, 0.99909999999999999)
*it=250000 cost=0.37238091230392456
(0.6744, 0.99309999999999998, 0.99980000000000002)
(0.6048, 0.98419999999999996, 0.99890000000000001)
*it=251000 cost=0.38341519236564636
(0.65469999999999995, 0.99390000000000001, 0.99980000000000002)
(0.59740000000000004, 0.9829, 0.99950000000000006)
*it=252000 cost=0.3790983557701111
(0.66639999999999999, 0.99270000000000003, 0.99980000000000002)
(0.60709999999999997, 0.98529999999999995, 0.99929999999999997)
*it=253000 cost=0.3647374212741852
(0.67300000000000004, 0.99429999999999996, 0.99980000000000002)
(0.61529999999999996, 0.98560000000000003, 0.99909999999999999)
*it=254000 cost=0.3645870089530945
(0.67600000000000005, 0.99550000000000005, 0.99990000000000001)
(0.61439999999999995, 0.98599999999999999, 0.99960000000000004)
*it=255000 cost=0.37427014112472534
(0.67059999999999997, 0.99429999999999996, 0.99990000000000001)
(0.60609999999999997, 0.98319999999999996, 0.99970000000000003)
*it=256000 cost=0.38034459948539734
(0.66520000000000001, 0.99309999999999998, 1.0)
(0.60489999999999999, 0.98370000000000002, 0.99950000000000006)
*it=257000 cost=0.3801034092903137
(0.6663, 0.99260000000000004, 0.99950000000000006)
(0.60909999999999997, 0.9829, 0.99909999999999999)
*it=258000 cost=0.39592811465263367
(0.65069999999999995, 0.99180000000000001, 0.99970000000000003)
(0.5948, 0.98050000000000004, 0.99939999999999996)
